1.6867743
2.571888
1.1559112
8.700379
4.539771
3.3710015
3.2692463
0.48838738
7.428382
5.0418725
0.7604523
3.6480975
1.0766708
1.4037144
2.7308128
4.8481693
2.4922411
2.6040723
3.0952778
1.3104746
0.59879726
1.4684057
1.3657471
2.2117333
1.7503772
0.46240586
1.5307146
0.42704615
1.7332757
2.4763896
0.44275022
1.1719378
0.1960856
0.39359984
0.0064073666
0.21209188
0.008411769
0.004138822
0.7109773
0.9341016
0.68727106
0.045445155
1.4410129
0.02244906
0.060644776
0.1878609
0.043661315
0.050623294
0.5586528
0.053968128
0.061230734
0.04451319
0.8993012
0.0075856363
0.012233941
0.003499933
0.022886554
0.00041610358
0.15886037
0.08042272
0.58075243
0.63810104
0.0007861041
0.0768434
0.2566262
0.017497713
0.030168617
0.36447734
0.5423761
0.16058025
0.11112282
0.06878917
0.23501588
0.0020669138
0.17963049
0.073933855
0.32736325
0.12416027
0.3668647
0.11477204
0.46815777
1.1059831
0.016646953
0.943836
0.37891537
0.056829322
0.0076461104
0.81471354
0.00016166168
0.14598428
0.3067294
0.1436686
0.34152693
0.1612168
0.078796156
0.014594603
0.008776656
0.29507583
0.5055535
0.6116401
0.7522631
0.04463022
0.30119294
0.1276295
0.3398799
0.000017760212
0.0000012596818
0.192977
0.22799984
0.16794801
0.12880242
0.099552
0.842374
0.17820379
0.24981967
0.006141498
0.27713394
0.12744823
0.06919334
0.10037319
0.0015340482
0.13812707
0.0005312123
0.01019904
0.27316147
0.0023492966
0.15363322
0.019712506
0.021076882
0.8211916
0.0012265586
0.19225937
0.24523418
0.066290624
0.00047041004
0.084712856
0.0078897085
0.0025274407
0.1696532
0.86549205
0.33098817
0.021923907
0.17317058
0.043217275
0.0026830437
0.21150178
0.4683232
0.39495468
0.24965584
0.44941205
0.0027301027
0.18707074
0.20159361
0.099900745
0.48528174
0.40421754
0.20975564
0.11869147
0.0014321099
0.06354142
0.0049468656
0.03499956
0.25963813
0.19850649
0.005689133
0.035523415
0.081528865
0.030917868
0.35333368
0.046920802
0.27111134
0.097389996
0.026597528
0.3336124
0.558509
0.3599255
0.11524791
0.09775798
0.03315791
0.6910718
0.33349562
0.856782
0.25691238
0.30756134
0.40536842
0.399422
0.023537358
0.28948694
0.093277104
0.011243218
0.23729417
0.21955639
0.057576433
0.050302535
0.011756218
0.022677368
0.20440264
0.38960168
0.024456177
0.30408442
0.2867945
0.0036913166
0.004068901
0.21774355
0.10682418
0.21362425
0.12851298
0.000022174732
0.0013434455
0.43848827
0.000734195
0.0064840326
0.31974524
0.11875505
0.000017988015
0.11024285
0.00842741
0.0033069223
0.1191365
0.049624324
0.08998162
0.033721462
0.18896048
0.0017349259
0.001716899
0.0788719
0.0019568189
0.4621751
0.079962805
0.124656335
0.07917145
0.068994544
0.16416864
0.010365878
0.3848044
0.14013647
0.09736173
0.052083112
0.013129814
0.0019531925
0.051262528
0.031854864
0.016500484
0.020127898
0.052226692
0.010431011
0.1015126
0.37616596
0.00321689
0.111259006
0.10287857
0.08050192
0.001395018
0.07879555
0.015896596
0.15328774
0.10594669
0.066467166
0.0028167865
0.0025739432
0.003023565
0.08397115
0.01983142
0.009897391
0.13438886
0.013522831
0.19502558
0.10784493
0.014116198
0.117724694
0.050588273
0.25117177
0.0027749077
0.11189054
0.008742811
0.20703144
0.007875442
0.17762505
0.10766461
0.0015571624
0.08175837
0.00216141
0.000584018
0.13200757
0.062160954
0.02628084
0.010673767
0.105713695
0.011345989
0.07104462
0.07705928
0.030390864
0.0004926648
0.036502924
0.022252021
0.26390177
0.06346392
0.04371115
0.0029730166
0.11654153
0.0016146358
0.010093085
0.12277087
0.062166065
0.0006631981
0.05563944
0.18494989
0.010106563
0.117662534
0.05995487
0.006718569
0.004576888
0.08008562
0.034520518
0.05427813
0.0004431818
0.15032929
0.27219802
0.14482775
0.007654222
0.00462132
0.096498676
0.147624
0.10649357
0.078942455
0.15133876
0.0043148994
0.022009341
0.000086636835
0.0043813377
0.008693079
0.005017757
0.051840827
0.08947631
0.020585092
0.030856818
0.08112085
0.011659837
0.004698104
0.13364975
0.021628233
0.04160029
0.16188672
0.00016549
0.00071018183
0.0012737811
0.281522
0.0060879164
0.20772761
0.029285742
0.11052992
0.07478032
0.000667942
0.00037393565
0.025734654
0.00016503791
0.012003031
0.00046661185
0.041151453
0.014677731
0.027922075
0.06284475
0.23192093
0.020178752
0.00025584083
0.07458421
0.0025380114
0.057349823
0.12383519
0.0036124277
0.0013173744
0.0017232472
0.040034216
0.20295638
0.039104063
0.008229956
0.003564319
0.0004980348
0.08271776
0.0017372306
0.11824866
0.0005332309
0.02750762
0.22850809
0.059472587
0.035431847
0.010096486
0.03652208
0.020771015
0.10472317
0.0050659967
0.031268068
0.0056014284
0.038000803
0.08279883
0.017173382
0.12706763
0.0073861554
0.01626122
0.009929914
0.07121567
0.08908072
0.0001412175
0.07552753
0.06443231
0.012376334
0.0018115245
0.032350603
0.09008339
0.03334033
0.0049682395
0.02437958
0.011363824
0.0020351475
0.054637857
0.0557245
0.003641511
0.00082956423
0.15139079
0.00052681984
0.21217477
0.010633285
0.000085098625
0.016529284
0.0493128
0.009599571
0.00003062706
0.01555317
0.123708785
0.0023338832
0.05601755
0.13507347
0.155736
0.0005519683
0.0029473584
0.07379286
0.000011849343
0.064547345
0.00019751996
0.04395084
0.0075442973
0.07878739
0.030405747
0.027123587
0.011666069
0.00008619516
0.025762103
0.002265604
0.00041243495
0.00024667103
0.016291637
0.006815849
0.00851347
0.0062738154
0.001967644
0.012831885
0.0018432363
0.044714823
0.0006099097
0.024798073
0.025099378
0.027147623
0.010671501
0.025486248
0.000039539595
0.0031120926
0.003993667
0.021264626
0.07591315
0.018779019
0.024595223
0.053854037
0.009903892
0.007828404
0.08063334
0.012801007
0.013968888
0.021378675
0.00007764628
0.0017409292
0.050445408
0.0052055353
0.000005948538
0.021807212
0.034695093
0.005122458
0.012466147
0.028152183
0.10060008
0.082172155
0.07574817
0.04400674
0.04582702
0.0039394903
0.051166434
0.03236021
0.007597425
0.02002893
0.10738777
0.0013451239
0.032267336
0.0033567958
0.018340342
0.02723136
0.024544772
0.014847135
0.008871936
0.00006952182
0.012545279
0.007143527
0.0027768924
0.044618733
0.0050184918
0.11360894
0.07484867
0.035951775
0.04117022
0.014636195
0.0017021715
0.10238195
0.043423112
0.0003729681
0.043235615
0.01345864
0.025051318
0.00081560115
0.0017255119
0.018166209
0.0062740045
0.0124553945
0.07453694
0.018747602
0.009992151
0.030879773
0.012525899
0.0028789516
0.003909022
0.0034638897
0.032938167
0.0077205296
0.0019925437
0.100675784
0.004507313
0.02817707
0.00011189233
0.033183664
0.0015803926
0.004180586
0.020887267
0.0000057733632
0.00029134608
0.030956741
0.0004722838
0.03274046
0.00013361759
0.010819937
0.00058470387
0.012325804
0.02134794
0.007394846
0.021484293
0.05985631
0.069536686
0.004584876
0.06594192
0.017863296
0.028725196
0.00007840865
0.016774982
0.011530804
0.027652696
0.024535509
0.07076534
0.032616764
0.00020162144
0.0028457362
0.003199227
0.01428764
0.0014897274
0.021366267
0.013354236
0.0074286726
0.016085511
0.017966658
0.015226612
0.009868428
0.004588735
0.0019879595
0.00047752104
0.0016868024
0.0081096
0.048830707
0.00029950074
0.025455046
0.000024693338
0.005069289
0.0017575817
0.0055084936
0.0033804306
0.04659549
0.010013194
0.0000014994439
0.011042184
0.011112571
0.033941913
0.00011679592
0.014003851
0.0021817586
0.020811958
0.001045794
0.019919755
0.0055849883
0.0128826015
0.008281926
0.009086672
0.0028927457
0.008395857
0.004081092
0.008904551
0.0075022145
0.017552253
0.00016379672
0.029235376
0.000105196385
0.00087343244
0.00071441964
0.0009751027
0.00019333711
0.06796107
0.00024422258
0.0008542186
0.00064410886
0.031830914
0.0013251741
0.026329177
0.0030960597
0.010455668
0.003715576
0.007379436
0.0011920523
0.0011971118
0.0017718992
0.025524667
0.00081598246
0.010717903
0.0002072709
0.0056502484
0.010089636
0.022504464
0.008138956
0.012143104
0.0006949457
0.00066233426
0.034150742
0.00048734498
0.022158973
0.035438355
0.0043873996
0.02324379
0.00026483453
0.0011540337
0.0065868795
0.014773467
0.0024908008
0.000921099
0.001957937
0.025310248
0.006051436
0.0009054855
0.007462329
0.0019362438
0.00017782194
0.00019859029
0.005483995
0.01455983
0.017946433
0.0028442102
0.004989988
0.0006712859
0.008951928
0.019965611
0.020594124
0.0042965016
0.00028111713
0.00037695692
0.011035721
0.016565535
0.005076489
0.004011647
0.017958572
0.00031124303
0.0021495274
0.011853254
0.011683973
0.002689791
0.0043432536
0.0031554692
0.00526903
0.008757352
0.018983446
0.013300895
0.015738634
0.023772884
0.009636655
0.00004948811
0.000060919727
0.00005476406
0.00008261521
0.00084090576
0.0021903198
0.008693524
0.0389284
0.000331133
0.005209131
0.038660076
0.0003866467
0.0049451804
0.020632872
0.002395048
0.0060563334
0.012948498
0.025910756
0.0028785423
0.001465341
0.009530225
0.0075355815
0.024324216
0.0077155447
0.02195576
0.032402083
0.0013603643
0.0027898985
0.004330214
0.009279272
0.0009330696
0.009702112
0.019521168
0.0067744
0.000022118631
0.010099409
0.0038510144
0.0102786515
0.015376668
0.0062411125
0.004734847
0.005694781
0.0036749663
0.0012235211
0.00013473746
0.0036699094
0.00069458754
0.00013166666
0.0012364103
0.0012831925
0.004568891
0.0034889681
0.001836737
0.00020679063
0.0036864367
0.00068543135
0.0011829162
0.00044251952
0.012201843
0.008306114
0.0029918961
0.010709784
0.00058878114
0.012947087
0.00077476795
0.000035192552
0.0054224967
0.0005496629
0.0008432996
0.00046361415
0.00019120148
0.0015415887
0.006089963
0.0002861281
0.007797604
0.014421667
0.011649054
0.000049541795
0.000031723936
0.0065621347
0.00009804961
0.00016893832
0.000030205472
0.009611605
0.0003794886
0.014717792
0.0016082091
0.00043390525
0.0020222184
0.0011766352
0.0035422053
0.00010371487
0.00050015474
0.000067860026
0.00022962577
0.0040765693
0.0008827582
0.010115133
0.00049391453
0.00011694671
0.00030147418
0.0028750128
0.004594519
0.0004696657
0.012496138
0.00008163753
0.00066482776
0.00006190999
0.00036138264
0.0047591254
0.00612141
0.004540122
0.000104230254
0.015167125
0.009434387
0.00059795135
0.011165388
0.003908307
0.001924904
0.0001677597
0.000003221361
0.004026641
0.0011716272
0.0027028644
0.020954046
0.003034036
0.014961642
0.007201639
0.0060734153
0.0006995856
0.002269555
0.00002697958
0.00016636374
0.004885115
0.016126601
0.00022442416
0.02144992
0.00663243
0.0013869795
0.0069821724
0.0054327194
0.003912511
0.007305155
0.0028283892
0.002350753
0.0010207109
0.00010528444
0.00059496425
0.0118373735
0.0059642484
0.00195857
0.0013141918
0.00028098925
0.005994188
0.00050363725
0.006581617
0.0002101478
0.00021205563
0.0018382291
0.005113572
0.008975606
0.0018848062
0.00033549443
0.010688995
0.00048207495
0.0015527813
0.00020233385
0.0047323536
0.0000082428505
0.00017325438
0.0029010482
0.0000030093006
0.003536645
0.00054360647
0.009530365
0.0004383266
0.00014646148
0.00060153054
0.0023116604
0.0006477749
0.0003223758
0.000112660324
0.008351895
0.001331674
0.00040825974
0.0020652232
0.00002376741
0.00083444006
0.003452484
0.0005628489
0.000031723936
0.000011245005
0.013961985
0.0011326863
0.002429992
0.0000051625702
0.0030648438
0.008712652
0.003634551
0.00018932695
0.0000030791853
0.00015996251
0.00016653599
0.0002512851
0.0037086324
0.006531327
0.0056842426
0.0045694713
0.004136368
0.000016119975
0.0010564069
0.0033133419
0.0017781118
0.0018536969
0.00028056576
0.00035969858
0.003507808
0.00007630754
0.00033751503
0.0016974434
0.000011710234
0.0036168357
0.000006720768
0.00021645277
0.000006037253
0.000015826492
0.0012457209
0.0009131927
0.006361213
0.00017405319
0.0011312665
0.0042587346
0.002613868
0.00838878
0.00010159879
0.004259497
0.0027609845
0.000010009346
0.00014022761
0.0042328215
0.0009972194
0.000040955285
0.00011067001
0.00020723658
0.0008455166
0.0010105901
0.0012400557
0.0016525106
0.000410829
0.00010472252
0.0036634705
0.004945457
0.0024281354
0.006498862
0.0015867873
0.00093447574
0.0045644767
0.00026225677
0.000044813878
0.00028967185
0.00008811384
0.00014301664
0.0033149614
0.0004192708
0.00056111376
0.00028891556
0.0012214037
0.00011488805
0.0032695713
0.0008780326
0.0007566912
0.000022215168
0.0031921645
0.0025738464
0.00032348547
0.002437802
0.0038331621
0.0053107343
0.003533073
0.0020601123
0.0017781319
0.0006505084
0.0015011878
0.00042399013
0.00023663684
0.0019004267
0.0012502185
0.0023063216
0.000390086
0.0041974983
0.0008788947
0.00000056770546
0.00003970768
0.0025369064
0.006702124
0.001402901
0.00057913654
0.001176856
0.0008659408
0.0030586435
0.000023767265
0.00036850144
0.0019227759
0.000086494314
0.002700101
0.0021099069
0.00006457566
0.0008064079
0.003209511
0.004098107
0.0011590283
0.0020359005
0.0024639107
0.0019119498
0.00094013265
0.007589011
0.0020112544
0.0023074439
0.0020148486
0.000022064842
0.000086445536
0.00007347684
0.0035220846
0.0013601356
0.001480934
0.0025072244
0.000013054595
0.00027635056
0.0028285033
0.00000012300012
0.002668417
0.0024340837
0.0007612364
0.0002642916
0.001683866
0.00000006884308
0.0017195279
0.00080316135
0.00039075495
0.00035593729
0.00026190552
0.0005346302
0.002408134
0.0006386565
0.000003984177
0.000039251154
0.0011013079
0.0006728125
0.0043844
0.0026043935
0.0042170146
0.0016218914
0.0000068007375
0.000003326619
0.00123011
0.00018299682
0.0016075016
0.000000000020520474
0.004506353
0.00076222344
0.00057075574
0.00068554375
0.00007809915
0.0010033573
0.000000082093436
0.003043367
0.00005259464
0.0011119675
0.0001369159
0.0001440578
0.00032869057
0.0011293347
0.0052185995
0.000015269967
0.000028970431
0.00078175176
0.00078011275
0.0002680803
0.00029224207
0.004642154
0.0026068883
0.00000016273498
0.0014109496
0.0014035619
0.000027227827
0.0021792536
0.000060238697
0.0007720495
0.0006714465
0.0000046473906
0.0005942201
0.0031663803
0.00028497583
0.00023928488
0.00024116949
0.00000966797
0.00026622924
0.00033617605
0.0015489693
0.00088059896
0.0017367436
0.00013218149
0.0012490723
0.000069892565
0.00094013265
0.0002105861
0.00011132057
0.00021706353
0.0002821414
0.0009702695
0.00022119631
0.002664748
0.0012217204
0.0010827222
0.0011634969
0.00029263756
0.0010395043
0.0004094143
0.0015680951
0.00015588483
0.00070383603
0.00088375015
0.0004133942
0.0040894276
0.00010613749
0.0014377636
0.000056705896
0.00056092173
0.0008994262
0.0020957815
0.00028155904
0.00071118603
0.004260135
0.0010299179
0.001815017
0.0000027662609
0.0015542378
0.0000017654615
0.00017658735
0.0014272959
0.00167123
0.0011343238
0.0010372916
0.0004878925
0.0011432222
0.0002198085
0.0007964053
0.00039609874
0.00011048949
0.0011219595
0.0000064770206
0.00000010544704
0.0007859437
0.0029070869
0.00033829294
0.0007049687
0.00013117469
0.0017554135
0.000006275943
0.000101930695
0.0006073922
0.000113761285
0.0009707448
0.000066325076
0.0010022097
0.00006637751
0.0011568783
0.0000149696
0.00041657058
0.00033955046
0.000016735748
0.0000595983
0.0007126619
0.0002927232
0.00019116851
0.0006663901
0.000100682846
0.0000017307868
0.00016117096
0.00007294033
0.00019339679
0.0031734544
0.0000021956466
0.0006527359
0.0019710192
0.00003311119
0.0010072807
0.000032513017
0.000051740524
0.0006038132
0.00000035783393
0.00009280052
0.0006245042
0.0005042795
0.00012910219
0.00046050333
0.0016812059
0.0003122765
0.0013685193
0.000028397108
0.0023182908
0.0011602461
0.00093485473
0.0009049116
0.0020314492
0.00018526794
0.000019911604
0.000249143
0.00038534918
0.00027082767
0.0000028172508
0.0011634155
0.00038284934
0.0000030925876
0.00020165952
0.000120814686
0.00017292502
0.000780912
0.0007982095
0.00009542332
0.00044027547
0.00077384576
0.0000052217865
0.00070072117
0.0007077314
0.00021447196
0.0000009865491
0.000049213428
0.000051822874
0.0005421094
0.00065282115
0.0005865213
0.0001301935
0.00021709866
0.0011886468
0.000006708412
0.0006106754
0.00010226314
0.000010335171
0.0000018892038
0.000013700721
0.000079586855
0.001745558
0.000021490741
0.000008370661
0.00005985995
0.0020041396
0.00048166674
0.0000000045525326
0.00037172134
0.000024380375
0.00010674259
0.00014946598
0.0014212134
0.00073458266
0.0011609284
0.00021608811
0.00017916615
0.000586631
0.000012784654
0.0015096058
0.000003650495
0.000047368652
0.00008373174
0.00014291117
0.00012621448
0.0007151718
0.0004201011
0.00029304964
0.00024421513
0.0000021080414
0.00087841414
0.00038923888
0.00000038308008
0.00006747758
0.0005952202
0.0005191973
0.00066992757
0.0000024008955
0.00043971036
0.0017378766
0.00007173785
0.000885821
0.00034956977
0.000009916031
0.000011239409
0.00013791086
0.00048969523
0.000054025535
0.00033978774
0.0004964399
0.000033177075
0.000041365216
0.00020752498
0.0000020842238
0.00045257676
0.000015284411
0.00000040458627
0.00037728102
0.00041132205
0.000085221836
0.0006009927
0.00022785169
0.000031912215
0.00042698023
0.0007751463
0.000042377247
0.000013491492
0.0001330986
0.00034293733
0.000068248475
0.000011987622
0.00030363273
0.0003623623
0.00072383095
0.0003727471
0.00034950738
0.0000021534574
0.000009340895
0.000029256016
0.000000010905069
0.00008839381
0.0000013331736
0.000010888107
0.00025099795
0.0008136549
0.00020612945
0.0006062998
0.00020957705
0.0001507454
0.00025892377
0.00012796422
0.000011403059
0.00020795109
0.000010925902
0.0002152618
0.000019069594
0.0000062228974
0.0000091661095
0.000184464
0.00019627876
0.00010549003
0.00075380824
0.000041974676
0.0000018637295
0.00017869414
0.0004538558
0.000024403336
0.00006089368
0.00043303162
0.0006438003
0.000092401315
0.00023739297
0.000011994227
0.000030258729
0.0000070631136
0.0002117641
0.0005411329
0.0005970131
0.0002739362
0.0000017383229
0.00003132102
0.0011566998
0.0001452349
0.00025738383
0.000004079924
0.00000010903847
0.00003992733
0.00042121604
0.00010479817
0.000021394691
0.000011004851
0.000047285823
0.0004179342
0.00006991997
0.000059509064
0.0002567531
0.0007162689
0.00013134404
0.000079829515
0.000047154754
0.00048072534
0.00024366775
0.0000049248492
0.0000024016344
0.0000000054011515
0.00007346049
0.000058295005
0.0000030055794
0.000083631414
0.00002422875
0.00014340182
0.0007403839
0.00002227139
0.000059567014
0.00021566075
0.000011151658
0.0005455009
0.000026513499
0.00057044823
0.00020258149
0.0008669058
0.000023201279
0.000038888647
0.0004896583
0.0000076290817
0.0009324434
0.00028035016
0.000027716433
0.00025663467
0.0000010746307
0.00014609814
0.0001837523
0.00021318898
0.000020609132
0.00060106284
0.00006216538
0.0005142546
0.00000840104
0.0000086096325
0.0000020642651
0.0001727401
0.0000001990582
0.00002448998
0.0000006000392
0.000017819544
0.00018466482
0.000024000445
0.0008029316
0.00027556438
0.000053749005
0.00014335614
0.000031474654
0.000041311563
0.00004239898
0.00002825499
0.0004925061
0.00012827996
0.00021438119
0.0000008617088
0.000082484155
0.0000035809062
0.0002801346
0.000052419287
0.00063421763
0.00010798273
0.00015883072
0.00000030463667
0.00004818852
0.000024187691
0.0000027354172
0.00032229017
0.00017850297
0.000028440321
0.00005613283
0.000000116727335
0.000010654929
0.00002165907
0.0004254937
0.00012271416
0.000094445335
0.0005231598
0.00014757155
0.00003556836
0.00016875863
0.0000021227788
0.000066319255
0.000015009292
0.00014323057
0.00008895059
0.00013863979
0.0002753507
0.0000044944763
0.00023449252
0.000026329672
0.000060026083
0.000018777122
0.000000275873
0.000008123157
0.000012885444
0.0000650363
0.000051582865
0.00036284354
0.000040047944
0.000047713045
0.00002303849
0.0000868028
0.00023004506
0.0003406937
0.0005550421
0.000104337385
0.000000091538425
0.000046459885
0.000005086471
0.0000022992936
0.000014031868
0.00013670954
0.000059756698
0.0003132125
0.00006042203
0.00022628887
0.00007914506
0.00002862881
0.00006450288
0.00031643602
0.00024414063
0.000024989225
0.000048284564
0.000038417285
0.00003477233
0.0003924818
0.00009236007
0.00026471037
0.0001591554
0.0000022776533
0.000045970402
0.0000005476759
0.00012574885
0.000007693754
0.0000017889818
0.00011613338
0.0000895001
0.00019523133
0.00012697633
0.000020418538
0.000035215187
0.00002584138
0.00031433592
0.000012126704
0.00003338063
0.00014235308
0.000043750904
0.0000005351329
0.0000051869765
0.00004519454
0.00000017990038
0.000017225742
0.00008122015
0.000034804674
0.000021906098
0.00009317297
0.00006742275
0.00017876746
0.000055131663
0.00013278522
0.00011971654
0.00002737233
0.00007783126
0.000013387481
0.00014443148
0.00030757973
0.000001038363
0.00007251944
0.00023417134
0.000000017195134
0.0000052703876
0.00003521943
0.000010430433
0.00011223306
0.00020151735
0.000049605584
0.000040565614
0.000072348994
0.0000122036245
0.00004128552
0.0000108739505
0.00000013570862
0.00000000036835957
0.000021090309
0.00010102764
0.0000066032317
0.0000045005436
0.0000065811946
0.000000017698994
0.000078611454
0.000054693508
0.000058967737
0.00010629475
0.000019820216
0.000018415221
0.000053182426
0.0000014035186
0.0000014296247
0.00000349815
0.000011020676
0.000065676206
0.000004512691
0.000023324897
0.000000014324769
0.00004554463
0.00007133455
0.00000020005336
0.000110053865
0.000045473862
0.000038375918
0.0000400042
0.000001452234
0.0001152205
0.000010560194
0.0000225083
0.000006130757
0.0003084459
0.000034761084
0.00014407642
0.00019931668
0.0000035682847
0.000058495418
0.000009868414
0.0000058711616
0.0000016003489
0.000041095776
0.000016908587
0.000044228458
0.000019109179
0.00000997656
0.00015122585
0.0000064497444
0.000039602583
0.000111157126
0.000005204911
0.0000080739665
0.000055057335
0.00006064834
0.000041974676
0.0000043630234
0.000019084173
0.00003005971
0.000036020534
0.000002257548
0.0000062193294
0.00000018172523
0.00009569367
0.000103409155
0.000021517277
0.000000012050958
0.0000045930688
0.00008594971
0.0000147710125
0.0000000057935132
0.000032393495
0.000117442265
0.00001835797
0.00011912511
0.000010000673
0.0000013881671
0.00006666531
0.000025716696
0.000004225676
0.000019400015
0.000011051566
0.00004952837
0.00003171722
0.0000074172094
0.000002088873
0.000013593268
0.0000049768373
0.0000673249
0.000001477338
0.00003025086
0.00000018509469
0.00018829826
0.000057110574
0.000034431534
0.00006364789
0.000110760324
0.00000002431284
0.00000027939046
0.00004729566
0.0000379723
0.000003969913
0.000037687812
0.00014014292
0.000000069030875
0.000045053606
0.000018439785
0.0000015991427
0.00000013476608
0.0000011856109
0.000059239926
0.00011889362
0.0000032550402
0.000035683628
0.00015740967
0.00005570672
0.00006726232
0.00018097056
0.0000172396
0.000031683663
0.000000075232634
0.0000073912593
0.0000006571099
0.00008073528
0.000038482332
0.000007688464
0.000005898924
0.000010798606
0.000046451758
0.000020374391
0.000013822775
0.000038686707
0.00009167624
0.00006863803
0.000027367341
0.00008927018
0.0000068730524
0.00014292827
0.0000026814666
0.00000016215841
0.000031997122
0.000004498521
0.00003578054
0.00010731483
0.0000296247
0.000021020292
0.0000071648587
0.00009161005
0.000042290376
0.000006733754
0.000014047055
0.000004752834
0.0000066677176
0.0000049640803
0.000030478144
0.000006978462
0.0000010621857
0.0000031066493
0.000041386687
0.0000000024459903
0.000031354386
0.0000036498118
0.0000001736853
0.0000033939232
0.000011667847
0.0000002448644
0.000028227114
0.000028619881
0.000016975318
0.000100639794
0.000048889488
0.000013545842
0.000000607821
0.0000023662951
0.0000010053458
0.0000083748
0.000009692449
0.00004385347
0.00001101118
0.00000034989176
0.0000024952699
0.000019318191
0.00011382232
0.000006768445
0.000024514764
0.000012351909
0.000025005913
0.00000078958516
0.00000028572708
0.000121581106
0.000026542972
0.000015535705
0.00007689598
0.000020724021
0.000016257152
0.00002184588
0.000023716295
0.000040976647
0.00000091279463
0.000029580595
0.00000088645044
0.000003997513
0.000005582484
0.000054399447
0.0000055915007
0.0000029202201
0.000030334842
0.000051043182
0.00004638516
0.000014853596
0.000027544738
0.0000036329784
0.000010270887
0.000012782949
0.000009208024
0.000013920453
0.000004006098
0.000053135493
0.00001364606
0.0000029927796
0.00000925656
0.0000011105158
0.000013847606
0.00006881592
0.00000801716
0.000017774282
0.00000083906366
0.00000085927604
0.000000024911287
0.000045207365
0.000003338806
0.0000000000014210855
0.00005407812
0.000018284494
0.0000026443115
0.000018164392
0.000047012425
0.000051888113
0.000024173623
0.000005760767
0.000003844558
0.000024590372
0.0000058624996
0.000042430034
0.0000054147677
0.0000065860886
0.000035493038
0.0000033161907
0.00007422673
0.000022691915
0.00000026447248
0.000026434987
0.0000007383287
0.0000018614518
0.0000034154796
0.000019810665
0.000014747198
0.000002783935
0.000076215925
0.000019570509
0.000027959213
0.0000013812934
0.000053738517
0.00000884913
0.000024298039
0.00001533712
0.000009033058
0.00000047805315
0.00005227008
0.00002095694
0.00000015325918
0.0000051387624
0.0000014630283
0.0000019313825
0.000034990586
0.00000031766922
0.0000045614433
0.00000016369819
0.0000040558807
0.0000011572265
0.000001345936
0.000022284894
0.000027257693
0.0000053992444
0.0000035601827
0.0000022718998
0.000049570328
0.0000026203288
0.0000023163166
0.00002397709
0.0000062526706
0.000054320342
0.000004781986
0.00000047805315
0.000033015225
0.000000073098136
0.0000049293476
0.0000346403
0.000000063929534
0.000020737047
0.00000013381049
0.000028780818
0.0000024836083
0.00005622754
0.0000007627005
0.000012017358
0.000009548985
0.00001621488
0.0000026245757
0.0000038543812
0.0000009049529
0.0000016042723
0.0000074146124
0.00002536246
0.000040633975
0.0000005247195
0.00003906131
0.000033579287
0.0000012696021
0.000012506569
0.00000043332426
0.000003426504
0.00003903449
0.00000000012825296
0.0000023831958
0.000008210027
0.000050930823
0.000005795153
0.00000066680883
0.000009711757
0.000024616389
0.00001130104
0.000036363333
0.0000027948854
0.0000068374707
0.0000016324793
0.000000029682887
0.000013674258
0.000028554869
0.0000181258
0.0000053605345
0.0000042335214
0.000009388319
0.0000032410753
0.000003233354
0.0000011165539
0.0000001996803
0.000002362629
0.000021913911
0.00000753913
0.000021783522
0.00000002446177
0.000003606669
0.00000016582726
0.0000018306778
0.00000024592737
0.0000028962315
0.00000045348543
0.000000035475978
0.000020837053
0.00000014379624
0.0000014588497
0.0000027354172
0.000005020547
0.000021565966
0.0000018565756
0.000006726332
0.000012378738
0.000044323642
0.000024701632
0.00000244394
0.000000039377944
0.000004259069
0.000003417683
0.00000069912
0.000021079362
0.000000042531667
0.0000021283404
0.00000000050226845
0.000021712363
0.000000035745927
0.000016936048
0.0000007845088
0.000012733556
0.000015978614
0.0000027996705
0.000017038245
0.000018333463
0.000007661384
0.0000018371352
0.00000022945319
0.000006167116
0.00000022375025
0.0000013832555
0.0000064727737
0.000024588007
0.000025835321
0.00000011405474
0.000002663343
0.000021610276
0.00000020612379
0.00000010513759
0.0000000018417268
0.000002845735
0.000020813117
0.0000000028267664
0.00000009751176
0.00000074202086
0.0000012482017
0.0000063196203
0.000017925377
0.0000036234414
0.000021783522
0.000014735298
0.000008986541
0.000015978614
0.0000011301995
0.0000059302347
0.000009281239
0.000000019386789
0.000007952484
0.00000005672979
0.0000046196774
0.00000033427483
0.000014006872
0.0000014100226
0.0000070264105
0.00000038737141
